MAE: 44.2584536082478
RMSE: 212.6769266877831
R2: 0.9964868976473512
