MAE: 357.4925806451601
RMSE: 689.7925226378561
R2: 0.9760895811815754
