MAE: 630.9687179487179
RMSE: 1114.1207131324545
R2: 0.9451907346877875
